0.073156
0.142744
0.208938
0.271904
0.331799
0.388773
0.442968
0.494520
0.543558
0.590204
0.634575
0.676783
0.716931
0.755122
0.791450
0.826007
0.858878
0.890146
0.919888
0.948181
0.975093
1.000693
1.025045
1.048209
1.070243
1.091202
1.111140
1.130105
1.148145
1.165305
1.181628
1.197155
1.211925
1.225975
1.239339
1.252052
1.264144
1.275647
1.286589
1.296997
1.306898
1.316315
1.325274
1.333795
1.341901
1.349612
1.356946
1.363923
1.370560
1.376873
1.382878
1.388590
1.394023
1.399192
1.404108
1.408785
1.413234
1.417465
1.421490
1.425319
1.428962
1.432426
1.435722
1.438857
1.441839
1.444675
1.447373
1.449940
1.452382
1.454704
1.456913
1.459014
1.461013
1.462915
1.464723
1.466444
1.468080
1.469637
1.471118
1.472527
1.473866
1.475141
1.476353
1.477507
1.478604
1.479647
1.480640
1.481584
1.482482
1.483337
1.484149
1.484922
1.485658
1.486357
1.487022
1.487655
1.488257
1.488830
1.489375
1.489893
1.490386
1.490855
1.491301
1.491725
1.492129
1.492513
1.492878
1.493225
1.493556
1.493870
1.494169
1.494453
1.494724
1.494981
1.495226
1.495459
1.495680
1.495891
1.496091
1.496282
1.496463
1.496636
1.496800
1.496956
1.497104
1.497246
1.497380
1.497508
1.497629
1.497745
1.497855
1.497959
1.498059
1.498154
1.498244
1.498329
1.498411
1.498488
1.498562
1.498632
1.498699
1.498762
1.498823
1.498880
1.498935
1.498987
1.499036
1.499083
1.499128
1.499170
1.499211
1.499249
1.499286
1.499321
1.499354
1.499385
1.499415
1.499444
1.499471
1.499497
1.499521
1.499545
1.499567
1.499588
1.499608
1.499627
1.499645
1.499663
1.499679
1.499695
1.499710
1.499724
1.499737
1.499750
1.499762
1.499774
1.499785
1.499795
1.499805
1.499815
1.499824
1.499833
1.499841
1.499848
1.499856
1.499863
1.499870
1.499876
1.499882
1.499888
1.499893
1.499898
1.499903
1.499908
1.499913
1.499917
1.499921
1.499925
1.499928
1.499932
1.499935
1.499938
1.499941
1.499944
1.499947
1.499950
1.499952
1.499954
1.499957
1.499959
1.499961
1.499963
1.499964
1.499966
1.499968
1.499969
1.499971
1.499972
1.499974
1.499975
1.499976
1.499977
1.499978
1.499979
1.499980
1.499981
1.499982
1.499983
1.499984
1.499985
1.499986
1.499986
1.499987
1.499988
1.499988
1.499989
1.499989
1.499990
1.499990
1.499991
1.499991
1.499992
1.499992
1.499992
1.499993
1.499993
1.499994
1.499994
1.499994
1.499994
1.499995
1.499995
1.499995
1.499995
1.499996
1.499996
1.499996
1.499996
1.499996
1.499997
1.499997
1.499997
1.499997
1.499997
1.499997
1.499997
1.499998
1.499998
1.499998
1.499998
1.499998
1.499998
1.499998
1.499998
1.499998
1.499998
1.499999
1.499999
1.499999
1.499999
1.499999
1.499999
1.499999
1.499999
1.499999
1.499999
1.499999
1.499999
1.499999
1.499999
1.499999
1.499999
1.499999
1.499999
1.499999
1.499999
1.499999
1.499999
1.499999
1.499999
