0.088480
0.157388
0.211053
0.252848
0.285398
0.310748
0.330490
0.345866
0.357840
0.367166
0.374429
0.380085
0.384490
0.387921
0.390593
0.392674
0.394294
0.395556
0.396539
0.397305
0.397901
0.398365
0.398727
0.399008
0.399228
0.399399
0.399532
0.399635
0.399716
0.399779
0.399828
0.399866
0.399895
0.399919
0.399937
0.399951
0.399962
0.399970
0.399977
0.399982
0.399986
0.399989
0.399991
0.399993
0.399995
0.399996
0.399997
0.399998
0.399998
0.399999
0.399999
0.399999
0.399999
0.399999
0.400000
0.400000
0.400000
0.400000
0.400000
0.400000
0.400000
0.400000
0.400000
0.400000
0.400000
0.400000
0.400000
0.400000
0.400000
0.400000
0.400000
0.400000
0.400000
0.400000
0.400000
0.400000
0.400000
0.400000
0.400000
0.400000
0.400000
0.400000
0.400000
0.400000
0.400000
0.400000
0.400000
0.400000
0.400000
0.400000
0.400000
0.400000
0.400000
0.400000
0.400000
0.400000
0.400000
0.400000
0.400000
0.400000
0.400000
0.400000
0.400000
0.400000
0.400000
0.400000
0.400000
0.400000
0.400000
0.400000
0.400000
0.400000
0.400000
0.400000
0.400000
0.400000
0.400000
0.400000
0.400000
0.400000
0.400000
0.400000
0.400000
0.400000
0.400000
0.400000
0.400000
0.400000
0.400000
0.400000
0.400000
0.400000
0.400000
0.400000
0.400000
0.400000
0.400000
0.400000
0.400000
0.400000
0.400000
0.400000
0.400000
0.400000
0.400000
0.400000
0.400000
0.400000
0.400000
0.400000
0.400000
0.400000
0.400000
0.400000
0.400000
0.400000
0.400000
0.400000
0.400000
0.400000
0.400000
0.400000
0.400000
0.400000
0.400000
0.400000
0.400000
0.400000
0.400000
0.400000
0.400000
0.400000
0.400000
0.400000
0.400000
0.400000
0.400000
0.400000
0.400000
0.400000
0.400000
0.400000
0.400000
0.400000
0.400000
0.400000
0.400000
0.400000
0.400000
0.400000
0.400000
0.400000
0.400000
0.400000
0.400000
0.400000
0.400000
0.400000
0.400000
0.400000
0.400000
0.400000
0.400000
0.400000
0.400000
0.400000
0.400000
0.400000
0.400000
0.400000
0.400000
0.400000
0.400000
0.400000
0.400000
0.400000
0.400000
0.400000
0.400000
0.400000
0.400000
0.400000
0.400000
0.400000
0.400000
0.400000
0.400000
0.400000
0.400000
0.400000
0.400000
0.400000
0.400000
0.400000
0.400000
0.400000
0.400000
0.400000
0.400000
0.400000
0.400000
0.400000
0.400000
0.400000
0.400000
0.400000
0.400000
0.400000
0.400000
0.400000
0.400000
0.400000
0.400000
0.400000
0.400000
0.400000
0.400000
0.400000
0.400000
0.400000
0.400000
0.400000
0.400000
0.400000
0.400000
0.400000
0.400000
0.400000
0.400000
0.400000
0.400000
0.400000
0.400000
0.400000
0.400000
0.400000
0.400000
0.400000
0.400000
0.400000
0.400000
0.400000
0.400000
0.400000
0.400000
0.400000
0.400000
0.400000
0.400000
0.400000
0.400000
0.400000
0.400000
0.400000
0.400000
0.400000
0.400000
0.400000
0.400000
0.400000
