0.168870
0.311816
0.432816
0.535241
0.621942
0.695333
0.757456
0.810043
0.854557
0.892237
0.924132
0.951131
0.973985
0.993331
1.009707
1.023568
1.035302
1.045234
1.053642
1.060759
1.066783
1.071882
1.076199
1.079853
1.082946
1.085564
1.087780
1.089656
1.091244
1.092588
1.093726
1.094689
1.095505
1.096195
1.096779
1.097273
1.097692
1.098046
1.098346
1.098600
1.098815
1.098997
1.099151
1.099281
1.099392
1.099485
1.099564
1.099631
1.099688
1.099736
1.099776
1.099811
1.099840
1.099864
1.099885
1.099903
1.099918
1.099930
1.099941
1.099950
1.099958
1.099964
1.099970
1.099974
1.099978
1.099982
1.099984
1.099987
1.099989
1.099991
1.099992
1.099993
1.099994
1.099995
1.099996
1.099997
1.099997
1.099998
1.099998
1.099998
1.099998
1.099999
1.099999
1.099999
1.099999
1.099999
1.099999
1.100000
1.100000
1.100000
1.100000
1.100000
1.100000
1.100000
1.100000
1.100000
1.100000
1.100000
1.100000
1.100000
1.100000
1.100000
1.100000
1.100000
1.100000
1.100000
1.100000
1.100000
1.100000
1.100000
1.100000
1.100000
1.100000
1.100000
1.100000
1.100000
1.100000
1.100000
1.100000
1.100000
1.100000
1.100000
1.100000
1.100000
1.100000
1.100000
1.100000
1.100000
1.100000
1.100000
1.100000
1.100000
1.100000
1.100000
1.100000
1.100000
1.100000
1.100000
1.100000
1.100000
1.100000
1.100000
1.100000
1.100000
1.100000
1.100000
1.100000
1.100000
1.100000
1.100000
1.100000
1.100000
1.100000
1.100000
1.100000
1.100000
1.100000
1.100000
1.100000
1.100000
1.100000
1.100000
1.100000
1.100000
1.100000
1.100000
1.100000
1.100000
1.100000
1.100000
1.100000
1.100000
1.100000
1.100000
1.100000
1.100000
1.100000
1.100000
1.100000
1.100000
1.100000
1.100000
1.100000
1.100000
1.100000
1.100000
1.100000
1.100000
1.100000
1.100000
1.100000
1.100000
1.100000
1.100000
1.100000
1.100000
1.100000
1.100000
1.100000
1.100000
1.100000
1.100000
1.100000
1.100000
1.100000
1.100000
1.100000
1.100000
1.100000
1.100000
1.100000
1.100000
1.100000
1.100000
1.100000
1.100000
1.100000
1.100000
1.100000
1.100000
1.100000
1.100000
1.100000
1.100000
1.100000
1.100000
1.100000
1.100000
1.100000
1.100000
1.100000
1.100000
1.100000
1.100000
1.100000
1.100000
1.100000
1.100000
1.100000
1.100000
1.100000
1.100000
1.100000
1.100000
1.100000
1.100000
1.100000
1.100000
1.100000
1.100000
1.100000
1.100000
1.100000
1.100000
1.100000
1.100000
1.100000
1.100000
1.100000
1.100000
1.100000
1.100000
1.100000
1.100000
1.100000
1.100000
1.100000
1.100000
1.100000
1.100000
1.100000
1.100000
1.100000
1.100000
1.100000
1.100000
1.100000
1.100000
1.100000
1.100000
1.100000
1.100000
1.100000
1.100000
1.100000
1.100000
1.100000
1.100000
1.100000
1.100000
1.100000
1.100000
1.100000
1.100000
1.100000
1.100000
1.100000
1.100000
1.100000
1.100000
