0.071372
0.135952
0.194386
0.247260
0.295102
0.338391
0.377561
0.413003
0.445073
0.474090
0.500347
0.524104
0.545601
0.565052
0.582652
0.598578
0.612987
0.626026
0.637824
0.648499
0.658158
0.666898
0.674806
0.681962
0.688436
0.694295
0.699596
0.704392
0.708733
0.712660
0.716213
0.719428
0.722338
0.724970
0.727352
0.729507
0.731457
0.733222
0.734819
0.736263
0.737570
0.738753
0.739824
0.740792
0.741668
0.742461
0.743179
0.743828
0.744415
0.744947
0.745427
0.745863
0.746256
0.746613
0.746935
0.747227
0.747491
0.747729
0.747945
0.748141
0.748318
0.748478
0.748623
0.748754
0.748872
0.748980
0.749077
0.749165
0.749244
0.749316
0.749381
0.749440
0.749493
0.749542
0.749585
0.749625
0.749660
0.749693
0.749722
0.749748
0.749772
0.749794
0.749814
0.749831
0.749847
0.749862
0.749875
0.749887
0.749898
0.749907
0.749916
0.749924
0.749931
0.749938
0.749944
0.749949
0.749954
0.749958
0.749962
0.749966
0.749969
0.749972
0.749975
0.749977
0.749979
0.749981
0.749983
0.749985
0.749986
0.749987
0.749989
0.749990
0.749991
0.749992
0.749992
0.749993
0.749994
0.749994
0.749995
0.749995
0.749996
0.749996
0.749997
0.749997
0.749997
0.749997
0.749998
0.749998
0.749998
0.749998
0.749998
0.749999
0.749999
0.749999
0.749999
0.749999
0.749999
0.749999
0.749999
0.749999
0.749999
0.749999
0.750000
0.750000
0.750000
0.750000
0.750000
0.750000
0.750000
0.750000
0.750000
0.750000
0.750000
0.750000
0.750000
0.750000
0.750000
0.750000
0.750000
0.750000
0.750000
0.750000
0.750000
0.750000
0.750000
0.750000
0.750000
0.750000
0.750000
0.750000
0.750000
0.750000
0.750000
0.750000
0.750000
0.750000
0.750000
0.750000
0.750000
0.750000
0.750000
0.750000
0.750000
0.750000
0.750000
0.750000
0.750000
0.750000
0.750000
0.750000
0.750000
0.750000
0.750000
0.750000
0.750000
0.750000
0.750000
0.750000
0.750000
0.750000
0.750000
0.750000
0.750000
0.750000
0.750000
0.750000
0.750000
0.750000
0.750000
0.750000
0.750000
0.750000
0.750000
0.750000
0.750000
0.750000
0.750000
0.750000
0.750000
0.750000
0.750000
0.750000
0.750000
0.750000
0.750000
0.750000
0.750000
0.750000
0.750000
0.750000
0.750000
0.750000
0.750000
0.750000
0.750000
0.750000
0.750000
0.750000
0.750000
0.750000
0.750000
0.750000
0.750000
0.750000
0.750000
0.750000
0.750000
0.750000
0.750000
0.750000
0.750000
0.750000
0.750000
0.750000
0.750000
0.750000
0.750000
0.750000
0.750000
0.750000
0.750000
0.750000
0.750000
0.750000
0.750000
0.750000
0.750000
0.750000
0.750000
0.750000
0.750000
0.750000
0.750000
0.750000
0.750000
0.750000
0.750000
0.750000
0.750000
0.750000
0.750000
0.750000
0.750000
0.750000
0.750000
0.750000
0.750000
0.750000
0.750000
0.750000
0.750000
0.750000
0.750000
0.750000
0.750000
0.750000
0.750000
0.750000
0.750000
0.750000
