0.047581
0.090635
0.129591
0.164840
0.196735
0.225594
0.251707
0.275336
0.296715
0.316060
0.333564
0.349403
0.363734
0.376702
0.388435
0.399052
0.408658
0.417351
0.425216
0.432332
0.438772
0.444598
0.449871
0.454641
0.458958
0.462863
0.466397
0.469595
0.472488
0.475106
0.477475
0.479619
0.481558
0.483313
0.484901
0.486338
0.487638
0.488815
0.489879
0.490842
0.491714
0.492502
0.493216
0.493861
0.494446
0.494974
0.495452
0.495885
0.496277
0.496631
0.496952
0.497242
0.497504
0.497742
0.497957
0.498151
0.498327
0.498486
0.498630
0.498761
0.498879
0.498985
0.499082
0.499169
0.499248
0.499320
0.499385
0.499443
0.499496
0.499544
0.499587
0.499627
0.499662
0.499694
0.499723
0.499750
0.499774
0.499795
0.499815
0.499832
0.499848
0.499863
0.499876
0.499888
0.499898
0.499908
0.499917
0.499925
0.499932
0.499938
0.499944
0.499949
0.499954
0.499959
0.499963
0.499966
0.499969
0.499972
0.499975
0.499977
0.499979
0.499981
0.499983
0.499985
0.499986
0.499988
0.499989
0.499990
0.499991
0.499992
0.499992
0.499993
0.499994
0.499994
0.499995
0.499995
0.499996
0.499996
0.499997
0.499997
0.499997
0.499997
0.499998
0.499998
0.499998
0.499998
0.499998
0.499999
0.499999
0.499999
0.499999
0.499999
0.499999
0.499999
0.499999
0.499999
0.499999
0.499999
0.500000
0.500000
0.500000
0.500000
0.500000
0.500000
0.500000
0.500000
0.500000
0.500000
0.500000
0.500000
0.500000
0.500000
0.500000
0.500000
0.500000
0.500000
0.500000
0.500000
0.500000
0.500000
0.500000
0.500000
0.500000
0.500000
0.500000
0.500000
0.500000
0.500000
0.500000
0.500000
0.500000
0.500000
0.500000
0.500000
0.500000
0.500000
0.500000
0.500000
0.500000
0.500000
0.500000
0.500000
0.500000
0.500000
0.500000
0.500000
0.500000
0.500000
0.500000
0.500000
0.500000
0.500000
0.500000
0.500000
0.500000
0.500000
0.500000
0.500000
0.500000
0.500000
0.500000
0.500000
0.500000
0.500000
0.500000
0.500000
0.500000
0.500000
0.500000
0.500000
0.500000
0.500000
0.500000
0.500000
0.500000
0.500000
0.500000
0.500000
0.500000
0.500000
0.500000
0.500000
0.500000
0.500000
0.500000
0.500000
0.500000
0.500000
0.500000
0.500000
0.500000
0.500000
0.500000
0.500000
0.500000
0.500000
0.500000
0.500000
0.500000
0.500000
0.500000
0.500000
0.500000
0.500000
0.500000
0.500000
0.500000
0.500000
0.500000
0.500000
0.500000
0.500000
0.500000
0.500000
0.500000
0.500000
0.500000
0.500000
0.500000
0.500000
0.500000
0.500000
0.500000
0.500000
0.500000
0.500000
0.500000
0.500000
0.500000
0.500000
0.500000
0.500000
0.500000
0.500000
0.500000
0.500000
0.500000
0.500000
0.500000
0.500000
0.500000
0.500000
0.500000
0.500000
0.500000
0.500000
0.500000
0.500000
0.500000
0.500000
0.500000
0.500000
0.500000
0.500000
0.500000
0.500000
0.500000
0.500000
0.500000
0.500000
