0.123378
0.232259
0.328346
0.413143
0.487976
0.554015
0.612295
0.663727
0.709115
0.749170
0.784518
0.815713
0.843243
0.867537
0.888977
0.907898
0.924595
0.939331
0.952335
0.963811
0.973938
0.982876
0.990763
0.997724
1.003866
1.009287
1.014071
1.018293
1.022018
1.025306
1.028208
1.030769
1.033028
1.035023
1.036782
1.038336
1.039706
1.040916
1.041983
1.042925
1.043756
1.044490
1.045138
1.045709
1.046213
1.046658
1.047051
1.047397
1.047703
1.047973
1.048211
1.048421
1.048607
1.048771
1.048915
1.049043
1.049155
1.049254
1.049342
1.049419
1.049487
1.049548
1.049601
1.049648
1.049689
1.049726
1.049758
1.049786
1.049811
1.049834
1.049853
1.049870
1.049886
1.049899
1.049911
1.049921
1.049931
1.049939
1.049946
1.049952
1.049958
1.049963
1.049967
1.049971
1.049974
1.049977
1.049980
1.049982
1.049985
1.049986
1.049988
1.049989
1.049991
1.049992
1.049993
1.049994
1.049994
1.049995
1.049996
1.049996
1.049997
1.049997
1.049997
1.049998
1.049998
1.049998
1.049998
1.049999
1.049999
1.049999
1.049999
1.049999
1.049999
1.049999
1.049999
1.049999
1.050000
1.050000
1.050000
1.050000
1.050000
1.050000
1.050000
1.050000
1.050000
1.050000
1.050000
1.050000
1.050000
1.050000
1.050000
1.050000
1.050000
1.050000
1.050000
1.050000
1.050000
1.050000
1.050000
1.050000
1.050000
1.050000
1.050000
1.050000
1.050000
1.050000
1.050000
1.050000
1.050000
1.050000
1.050000
1.050000
1.050000
1.050000
1.050000
1.050000
1.050000
1.050000
1.050000
1.050000
1.050000
1.050000
1.050000
1.050000
1.050000
1.050000
1.050000
1.050000
1.050000
1.050000
1.050000
1.050000
1.050000
1.050000
1.050000
1.050000
1.050000
1.050000
1.050000
1.050000
1.050000
1.050000
1.050000
1.050000
1.050000
1.050000
1.050000
1.050000
1.050000
1.050000
1.050000
1.050000
1.050000
1.050000
1.050000
1.050000
1.050000
1.050000
1.050000
1.050000
1.050000
1.050000
1.050000
1.050000
1.050000
1.050000
1.050000
1.050000
1.050000
1.050000
1.050000
1.050000
1.050000
1.050000
1.050000
1.050000
1.050000
1.050000
1.050000
1.050000
1.050000
1.050000
1.050000
1.050000
1.050000
1.050000
1.050000
1.050000
1.050000
1.050000
1.050000
1.050000
1.050000
1.050000
1.050000
1.050000
1.050000
1.050000
1.050000
1.050000
1.050000
1.050000
1.050000
1.050000
1.050000
1.050000
1.050000
1.050000
1.050000
1.050000
1.050000
1.050000
1.050000
1.050000
1.050000
1.050000
1.050000
1.050000
1.050000
1.050000
1.050000
1.050000
1.050000
1.050000
1.050000
1.050000
1.050000
1.050000
1.050000
1.050000
1.050000
1.050000
1.050000
1.050000
1.050000
1.050000
1.050000
1.050000
1.050000
1.050000
1.050000
1.050000
1.050000
1.050000
1.050000
1.050000
1.050000
1.050000
1.050000
1.050000
1.050000
1.050000
1.050000
1.050000
1.050000
1.050000
1.050000
1.050000
1.050000
1.050000
