0.055069
0.108541
0.160464
0.210881
0.259838
0.307375
0.353535
0.398357
0.441880
0.484141
0.525178
0.565025
0.603717
0.641288
0.677770
0.713194
0.747592
0.780993
0.813425
0.844918
0.875498
0.905191
0.934024
0.962022
0.989208
1.015605
1.041238
1.066128
1.090297
1.113765
1.136552
1.158680
1.180166
1.201029
1.221288
1.240959
1.260060
1.278608
1.296618
1.314106
1.331087
1.347576
1.363588
1.379135
1.394231
1.408890
1.423124
1.436946
1.450367
1.463398
1.476053
1.488340
1.500271
1.511857
1.523107
1.534030
1.544637
1.554937
1.564938
1.574649
1.584079
1.593236
1.602127
1.610760
1.619143
1.627284
1.635188
1.642863
1.650316
1.657552
1.664579
1.671403
1.678028
1.684462
1.690709
1.696775
1.702665
1.708384
1.713938
1.719331
1.724567
1.729652
1.734589
1.739383
1.744039
1.748559
1.752948
1.757210
1.761349
1.765367
1.769269
1.773058
1.776738
1.780310
1.783779
1.787148
1.790419
1.793595
1.796679
1.799673
1.802581
1.805405
1.808146
1.810809
1.813394
1.815904
1.818341
1.820708
1.823006
1.825238
1.827404
1.829509
1.831552
1.833535
1.835462
1.837332
1.839149
1.840912
1.842625
1.844288
1.845903
1.847471
1.848993
1.850471
1.851907
1.853301
1.854654
1.855969
1.857245
1.858484
1.859687
1.860856
1.861990
1.863092
1.864162
1.865200
1.866209
1.867188
1.868139
1.869063
1.869959
1.870830
1.871676
1.872496
1.873294
1.874068
1.874819
1.875549
1.876258
1.876946
1.877614
1.878263
1.878893
1.879505
1.880099
1.880675
1.881236
1.881779
1.882308
1.882820
1.883318
1.883802
1.884271
1.884727
1.885170
1.885600
1.886017
1.886422
1.886816
1.887198
1.887569
1.887929
1.888279
1.888619
1.888949
1.889269
1.889580
1.889882
1.890175
1.890460
1.890737
1.891005
1.891266
1.891519
1.891765
1.892003
1.892235
1.892460
1.892679
1.892891
1.893097
1.893297
1.893491
1.893680
1.893863
1.894041
1.894214
1.894381
1.894544
1.894702
1.894856
1.895005
1.895150
1.895290
1.895427
1.895559
1.895688
1.895813
1.895934
1.896052
1.896167
1.896278
1.896386
1.896490
1.896592
1.896691
1.896787
1.896880
1.896970
1.897058
1.897143
1.897226
1.897307
1.897385
1.897461
1.897534
1.897606
1.897675
1.897742
1.897808
1.897871
1.897933
1.897993
1.898051
1.898108
1.898162
1.898216
1.898267
1.898318
1.898366
1.898414
1.898460
1.898504
1.898548
1.898590
1.898631
1.898670
1.898709
1.898746
1.898783
1.898818
1.898852
1.898885
1.898918
1.898949
1.898980
1.899009
1.899038
1.899066
1.899093
1.899119
1.899145
1.899169
1.899194
1.899217
1.899240
1.899262
1.899283
1.899304
1.899324
1.899344
1.899363
1.899381
1.899399
1.899416
1.899433
1.899450
1.899466
1.899481
1.899496
1.899496
1.899496
1.899496
1.899496
1.899496
1.899496
1.899496
1.899496
1.899496
1.899496
1.899496
1.899496
1.899496
1.899496
1.899496
1.899496
1.899496
1.899496
1.899496
1.899496
