0.172343
0.332805
0.482206
0.621307
0.750819
0.871402
0.983673
1.088205
1.185530
1.276146
1.360515
1.439068
1.512206
1.580301
1.643703
1.702734
1.757695
1.808867
1.856512
1.900872
1.942175
1.980630
2.016433
2.049769
2.080807
2.109705
2.136611
2.161662
2.184986
2.206702
2.226921
2.245747
2.263274
2.279593
2.294788
2.308934
2.322106
2.334369
2.345787
2.356418
2.366317
2.375532
2.384113
2.392102
2.399540
2.406465
2.412913
2.418917
2.424507
2.429711
2.434556
2.439068
2.443268
2.447179
2.450821
2.454211
2.457367
2.460306
2.463043
2.465591
2.467963
2.470171
2.472228
2.474142
2.475925
2.477584
2.479130
2.480568
2.481908
2.483155
2.484316
2.485398
2.486404
2.487341
2.488214
2.489027
2.489783
2.490487
2.491143
2.491754
2.492322
2.492851
2.493344
2.493803
2.494230
2.494628
2.494998
2.495343
2.495664
2.495963
2.496241
2.496501
2.496742
2.496966
2.497175
2.497370
2.497552
2.497720
2.497877
2.498024
2.498160
2.498287
2.498405
2.498515
2.498617
2.498713
2.498801
2.498884
2.498961
2.499033
2.499099
2.499161
2.499219
2.499273
2.499323
2.499370
2.499413
2.499454
2.499491
2.499526
2.499559
2.499589
2.499618
2.499644
2.499669
2.499691
2.499713
2.499733
2.499751
2.499768
2.499784
2.499799
2.499813
2.499826
2.499838
2.499849
2.499859
2.499869
2.499878
2.499887
2.499894
2.499902
2.499908
2.499915
2.499921
2.499926
2.499931
2.499936
2.499940
2.499944
2.499948
2.499952
2.499955
2.499958
2.499961
2.499964
2.499966
2.499969
2.499971
2.499973
2.499975
2.499976
2.499978
2.499980
2.499981
2.499982
2.499984
2.499985
2.499986
2.499987
2.499988
2.499988
2.499989
2.499990
2.499991
2.499991
2.499992
2.499992
2.499993
2.499993
2.499994
2.499994
2.499995
2.499995
2.499995
2.499996
2.499996
2.499996
2.499997
2.499997
2.499997
2.499997
2.499997
2.499998
2.499998
2.499998
2.499998
2.499998
2.499998
2.499998
2.499999
2.499999
2.499999
2.499999
2.499999
2.499999
2.499999
2.499999
2.499999
2.499999
2.499999
2.499999
2.499999
2.499999
2.499999
2.500000
2.500000
2.500000
2.500000
2.500000
2.500000
2.500000
2.500000
2.500000
2.500000
2.500000
2.500000
2.500000
2.500000
2.500000
2.500000
2.500000
2.500000
2.500000
2.500000
2.500000
2.500000
2.500000
2.500000
2.500000
2.500000
2.500000
2.500000
2.500000
2.500000
2.500000
2.500000
2.500000
2.500000
2.500000
2.500000
2.500000
2.500000
2.500000
2.500000
2.500000
2.500000
2.500000
2.500000
2.500000
2.500000
2.500000
2.500000
2.500000
2.500000
2.500000
2.500000
2.500000
2.500000
2.500000
2.500000
2.500000
2.500000
2.500000
2.500000
2.500000
2.500000
2.500000
2.500000
2.500000
2.500000
2.500000
2.500000
2.500000
2.500000
2.500000
2.500000
2.500000
2.500000
2.500000
2.500000
2.500000
2.500000
2.500000
2.500000
2.500000
2.500000
2.500000
2.500000
2.500000
