0.016392
0.032247
0.047581
0.062413
0.076759
0.090635
0.104055
0.117036
0.129591
0.141734
0.153480
0.164840
0.175828
0.186455
0.196735
0.206677
0.216293
0.225594
0.234590
0.243291
0.251707
0.259847
0.267720
0.275336
0.282701
0.289825
0.296715
0.303380
0.309826
0.316060
0.322091
0.327923
0.333564
0.339021
0.344298
0.349403
0.354340
0.359115
0.363734
0.368201
0.372522
0.376702
0.380744
0.384653
0.388435
0.392092
0.395630
0.399052
0.402361
0.405562
0.408658
0.411653
0.414549
0.417351
0.420060
0.422681
0.425216
0.427667
0.430039
0.432332
0.434551
0.436696
0.438772
0.440779
0.442721
0.444598
0.446415
0.448171
0.449871
0.451514
0.453104
0.454641
0.456128
0.457566
0.458958
0.460303
0.461604
0.462863
0.464081
0.465258
0.466397
0.467499
0.468564
0.469595
0.470592
0.471556
0.472488
0.473390
0.474263
0.475106
0.475923
0.476712
0.477475
0.478214
0.478928
0.479619
0.480287
0.480933
0.481558
0.482163
0.482748
0.483313
0.483860
0.484390
0.484901
0.485396
0.485875
0.486338
0.486786
0.487219
0.487638
0.488044
0.488435
0.488815
0.489181
0.489536
0.489879
0.490211
0.490532
0.490842
0.491142
0.491433
0.491714
0.491985
0.492248
0.492502
0.492748
0.492986
0.493216
0.493438
0.493653
0.493861
0.494063
0.494257
0.494446
0.494628
0.494804
0.494974
0.495139
0.495298
0.495452
0.495601
0.495746
0.495885
0.496020
0.496151
0.496277
0.496399
0.496517
0.496631
0.496741
0.496848
0.496952
0.497052
0.497148
0.497242
0.497332
0.497420
0.497504
0.497586
0.497665
0.497742
0.497816
0.497887
0.497957
0.498024
0.498088
0.498151
0.498212
0.498270
0.498327
0.498382
0.498435
0.498486
0.498536
0.498584
0.498630
0.498675
0.498719
0.498761
0.498801
0.498841
0.498879
0.498915
0.498951
0.498985
0.499019
0.499051
0.499082
0.499112
0.499141
0.499169
0.499196
0.499223
0.499248
0.499273
0.499297
0.499320
0.499342
0.499364
0.499385
0.499405
0.499424
0.499443
0.499461
0.499479
0.499496
0.499513
0.499529
0.499544
0.499559
0.499573
0.499587
0.499601
0.499614
0.499627
0.499639
0.499651
0.499662
0.499673
0.499684
0.499694
0.499704
0.499714
0.499723
0.499733
0.499741
0.499750
0.499758
0.499766
0.499774
0.499781
0.499788
0.499795
0.499802
0.499808
0.499815
0.499821
0.499827
0.499832
0.499838
0.499843
0.499848
0.499853
0.499858
0.499863
0.499867
0.499872
0.499876
0.499880
0.499884
0.499888
0.499891
0.499895
0.499898
0.499902
0.499905
0.499908
0.499911
0.499914
0.499917
0.499919
0.499922
0.499925
0.499927
0.499929
0.499932
0.499934
0.499936
0.499938
0.499940
0.499942
0.499944
0.499946
0.499948
0.499949
0.499951
0.499953
0.499954
0.499956
0.499956
0.499956
0.499956
0.499956
0.499956
0.499956
0.499956
0.499956
0.499956
0.499956
0.499956
0.499956
0.499956
0.499956
0.499956
0.499956
0.499956
0.499956
0.499956
0.499956
